20
1 7 14 3 19 5 12 1 18 9 16 2 11 20 4 15 8 13 6 17 10
2 11 4 18 7 15 1 13 20 6 9 17 3 14 8 19 5 12 10 16 2
3 20 8 15 2 11 18 5 14 1 17 9 6 13 19 4 16 10 7 12 3
4 5 17 10 1 13 7 20 8 15 3 18 11 6 14 2 19 9 16 12 4
5 14 2 19 9 16 4 11 1 20 7 13 18 5 10 15 3 17 8 12 6
6 9 20 6 14 3 17 12 2 18 5 11 15 8 19 1 13 7 16 10 4
7 16 5 12 20 8 14 3 10 1 19 6 17 4 15 9 18 2 13 11 7
8 3 18 7 11 1 16 9 20 5 14 2 13 19 6 15 10 17 4 12 8
9 12 1 16 4 19 8 15 6 13 2 18 10 5 17 3 20 7 14 11 9
10 18 9 5 17 2 13 4 16 8 20 1 15 7 11 19 6 14 3 12 10
11 4 15 2 18 6 20 10 13 1 17 8 19 5 14 3 16 9 12 7 11
12 19 7 13 3 14 1 18 9 16 4 11 20 5 15 2 17 8 10 6 12
13 8 17 4 20 5 12 2 19 7 15 1 14 10 18 3 16 9 11 6 13
14 2 11 18 6 15 3 20 8 17 5 12 1 19 7 14 4 16 10 13 9
15 15 3 20 8 17 5 12 1 19 7 14 4 16 10 18 2 13 9 11 6
16 6 19 9 13 2 18 7 14 1 17 5 11 20 4 15 8 16 3 12 10
17 17 5 14 1 20 8 15 3 11 6 19 2 13 9 18 4 16 10 12 7
18 10 16 4 19 7 13 1 18 5 14 2 11 20 6 15 8 17 3 12 9
19 13 1 17 5 20 9 15 4 11 2 18 10 6 14 3 19 8 16 12 7
20 1 12 8 16 4 19 7 14 2 18 5 13 20 6 15 3 17 9 11 10
1 18 5 12 1 20 8 15 3 11 6 19 2 13 9 17 4 16 10 14 7
2 7 14 2 19 5 12 1 18 9 16 3 11 20 4 15 8 13 6 17 10
3 11 20 6 14 1 17 8 15 4 19 2 13 9 18 5 16 10 12 7 3
4 3 16 8 12 1 19 7 14 5 18 2 13 20 6 15 9 17 4 11 10
5 14 4 19 7 15 2 13 20 6 9 17 3 11 8 18 5 12 10 16 1
6 9 18 5 13 2 16 8 20 4 15 1 12 19 7 14 3 17 10 11 6
7 20 7 15 3 11 18 5 14 1 17 9 6 13 19 4 16 10 8 12 2
8 5 17 10 2 14 7 20 8 15 3 18 11 6 13 1 19 9 16 12 4
9 16 3 12 20 8 14 2 10 1 19 6 17 5 15 9 18 4 13 11 7
10 1 13 8 16 4 19 7 14 2 18 5 12 20 6 15 3 17 9 11 10
11 12 2 18 6 15 3 20 9 17 5 13 1 19 7 14 4 16 10 11 8
12 4 15 1 18 7 20 10 13 2 17 8 19 5 14 3 16 9 12 6 11
13 19 6 13 3 14 1 18 8 16 4 11 20 5 15 2 17 9 10 7 12
14 8 17 4 20 5 12 2 19 7 15 1 14 10 18 3 16 9 11 6 13
15 2 11 19 5 16 3 20 8 17 6 12 1 18 7 14 4 15 10 13 9
16 15 4 20 8 17 5 12 1 19 7 14 3 16 10 18 2 13 9 11 6
17 6 19 9 14 2 18 7 13 1 17 5 11 20 4 15 8 16 3 12 10
18 17 5 14 1 20 8 15 3 10 6 19 2 13 9 18 4 16 11 12 7
19 10 16 4 18 7 13 1 19 5 14 2 11 20 6 15 8 17 3 12 9
20 13 1 17 5 20 9 15 4 11 2 18 10 6 14 3 19 8 16 12 7
